google.com
384073453
9295459138437380433799942105196048649510024863129015862764768288998872808612814488101902850299263093165852985606781774283153531879422295514356221456091780925204759256917135324575409767631190303098594592258659231562623217035266705362115603304840361848787039187490429063162750033158856386864879602055193489856378921943604088786465130533707061458102957045493259249489761710178552969347936857540660451076145217950840892002755403385471788789291510656421579017331457411102111734935170887509893200123511069094589051680368443184536492881571344189938217880736774915799406387858723074350715165328512484911372187297147214215333
21074384132025210070274144716412268305756020081215584905207681696855454817499943688687000869913025211322797460086411621693424405587835890066465457506192193120062066423763913917304277059340691502652918536758919053342626507283373489417254206734583333209566597219452338440269166578070257996338714288755345425758872277788508713027372263524913839663828561661332572922183548754401941947671132094369244891251271446677735962284587266740798459433281646746145236322415211386558743762476530090959339342732495599387851416997955884035782145429528507229479636725259141771573421749349841545366905765890437913059067619278555446681799
facebook.com
364826023
8541942479584255742441194218727249030151053448682000059872027502246893123300222020875749660041704962900749023539020071971751870861677460985653526474490659005889393898695726743854062207818341503827290502123333536407781673312988876919415453860807325969606677839057642908862665122890238671381953544102707220331894919382146266663757355899644619593126102363088561329075307830207623820180897052077168846544700196891497193468113402026555066547304481561583503350041001230435140123740305154384960055731145648262332576903638205363287042016753367152553433581142718595998943818625196866159380526714247306924698762262426998095515
24416383374857511482050205508381589950328823649131688110146043205730423298216078593217374938461906986575293745853760862643829335390704832728817302599470042903334006703934671498126085594178504406689963662731835370978701585615242905421137925765466031611538666817487507900475105418250106342476094426123313470494139314105751174135156749878132020734551173925271437346486147259055496758571717398802065058131270426699159706438394759425424983080262598195552255895541459993562237327536133914067623125777578054683187979578582470219189020526363807946734966271396004721094233922366406843421833296989831295066438726432362472805973
amazon.com
15726833
16603201313076266080795475397232260060144865818872037193494717422833476881427494169436056017525123889117813299616314475300470443397883503418726178414926772945776230585769215729924730400325334775221015824793777038817434332788278394014018417275179800423194623191464567393195696427496729104367153815536712018945968331714359905518465777505855434818050708414095292619282197258479493208509737442246817426724943146791968982500097237923738673780939251477123812823667600216079474244552652028918199373335492558678297751431903821830748726348294118159547671038202505602677897902753811859560869641630884585297309196554677560832097
25763718283718180786462753422354750018571081173188602538572459241674088398213264564298750418352713172858024941861948342527342423803494242262519259279115122068063299515460664881387922171230235057180796007080893575899197351305180450097495358164702776208797552863994658205380182714402179874613140709677867924180442610599123083193063299736402695808648981152100784115716802627645453180403136423957113630382757564233389726212926178299276403366080978918131334941237701307570057664462942421845123028443089000626880638237762084198313181423488895052926188888747768827387277709448754397411660009983864442845762529811048995205679
samsung.com
49818787
7527729792735015985403992821437663842363932461886699728151696372655147959863034508230350267051960919656900430819001167288689266948690671662232748780290693667218628291254699716161717809305699292919944920725506363484709430699675987714212889952623587969179632634159054407999977079261739291401476261416099526256317965038220063129623703564983184230972366447138132287439554744972980166428747103242632179603609019771201194479646840364736542360599115123896778483108951585519089956777852068132206748388600751161109124449967354027587727935529263634502607197821386200295070720231026645028776153818068559346589620041223860807243
27817200057813297105762299165914436187168055104820760502832828545152221524592874336297275804488846708977286767040472035360790419712255312280829058584855933736513818558572842293479701708801938732824040227158462762600166869874776585645236646997805214383818467244969233465519851997335546140557423244909457867642004105253854874073649784729330197376385339734600805874589065256198293960584026008623269253213352240924762949530314572562923996470045075068905860548225277948527103008439532782560795332054686828314732161287369117922592162401083513888509800337384430613236760113553688371827873190564486483149695017951641812764159
microsoft.com
1426426751
15844532685810796787410892785977403337739712721239009360011805393121522798531279704977007663206996371510561442118061456680317195841076717971655556837371335652439049702767090567503883115391594452438759269794658104100298194398453763548081447513720367604188634813568048721942031337930592571044266021977440755468747098520130951450327515117345556945434738220574646808937681225929594559721671321449730352411551535365110282011784134430801303252091813601629230690774923195635315562446845055439457877036313922999246628355474447467443029508199009966135016635523268121560480602315087819839015127015912169545074696313185130971391
23599556374452841007475378833560535326388945524652541434284012545511960739458079986573729559210989652001471874702308199386753816743440384533149523762126838060605418387616865507149785748235332546351513913991697687922197445724208160331099171312834665233170950645612040009521945197296376622457671292291283626627428552817441817753183635478983339683477109176778435557343298783051737327116537462712455138477435236027468132975699663622295340715080607125885736753982655566576198124090649046330036542545685014765647797043936025032941389409147514609800474393643445980045264254909440992537027650747123005131786120006023263763331
Twitter
748307027
20196487198452854785585195981183676276423909542056848578780976249888378163708149742369906238009566182413480289291456863836967247352888064397897244251402767405943199262806319955045775854045180977236423149299792775586383714129330212568732550495981342297169910287651577650706813290295884243678171597730297340194077018790725950271979181722602153636001374752693828975673489834882324465969861483660808565724901729324991418414751017622175995418249701062885990355120692227962730722497852820773971866163711170084601000606931054791610651754520903492836649231462795792476393143699139725254450197453944789166558478478949660476763
31049761798314636619750076587832783681687215672372348502838183636987361573973178049783228944901772149861001920466847512714518560304681200002017979007635116178818431024278599245188346086289553565905077693154238321989616869154560007338503917182133796156364548780821480133124229467393250885035352404085449194230649662587150730497851042720484934617101181196618572596547791500043751745491569814829883396468330874739574016394360564087669995154555748919681360928205707783367346727450230486639269603589504325027030059214475916355999693564669981009213151537804980106855379038534506265012092235049799665616406821887152223866661
Reymond
763730897
10937226631311826040531782655704566118982948269793336830943303832183422875264015969676316634985316008317984578829629239388392218765777514471350755902322250130493515502761424507208168749015940904616908741178681048163242590566010727386040465285410577733861779397716416015933656815694885761942892718980507270485140999740376456906403987120609134894754320312515340699002888880370651077064909348814354112134032600418543017766217174973722043018100083957935168888112030275099657810515910471892415105778131627663200814075348755091849969742659427511120004492058800441199175675164429103671022999823538164943051374602015680263217
18519555414347878755218309065817374751997959715190940658318661512009557062867493529612375689397738827278859509088323611435673295800085199220712968069700024043923648445268153447587957133922526347571224036760137055676029470622780252413733250099236830207368532016178213199150756779893229066689673655606783323472527380296104687256973758918482668268479067959088613507055894470982509949630563598042195209935808338978201158988568987056894800659251886062777985837948301358936487273312940703488488651678583188219787774830532019041607358515285719705595421945069761250489102390434016221444884821169082887127007781630410402449031
Dell.com
222183677
4390888575636696052950139208088777611271428622228954350432255828245699024274197235740645446465905481286833184593278290598288434561254731849710306984801835639851181460336782561672284809697705183584748103663561906654671655668779050862438464647184831778003867449762128441125668983259994225385264381587795344485421868929470575267917528567458310086015947972389957566378209291487253138838194274433362756675344647093942266846681222220722674044249247990716054338840338406219595004608193175654050202430191137638973907909574221060750416960375274576065838786656031731289578336952589839802322209815800592599235206537575732454873
14405404157561740316591467368758696888547237869588863625851012586736525701110523611635661535250652295655304315586759253730982077559824774686526226661495661079613570666539601011534711053068088301381593305119485488427823725598757069078540973795032843982895719428628140946726614292379625038852709215926580179763549718269439278544810678312394384342374336986214360343798681331862401765184073708815599000497159993124309268138686390978670234521035128409138075698361093983626790871896321065180789620167437828693405972161838562170376859984327121386693724138113856032446328337660041440730586855376266591933094039088671611057329
quora.com
515025937
13380608260778664398810674028364900928034994430746426638456010059476949017501726254267566239727301782976922198207476866096953548802052199373811209155306472855930579573838893431324816372690157819970510290799813211690829533884689489810984063083457216727982221012486691088116126979174505424112739408820484535965358507755006227013624379606600039719566858695168369738107736620012847397622819896461086728438294373009385859620320632298490954696863953512133131799517892774114876344851434427252525815823865102574980690403546526663438411710415994201433753674971395408603986696255831303381278336718768696426926544819185861209329
22730441400764879706957520570057045109157517976279407216572340038713222932867147470974152070969469250930702068355770964146897596219554812157246860494523548630134583934046511751710537754327146237527209052788402320588611970059882311232990167180778979506417326342626461386691958935395201060000682661501109240746705373812638619959444273754631462370205086353802892807579604996069160802193274369116211584180050384958122338692340908811625420255431594220145762653793416871666121498833813502765443523688544874722820207948888955722363506162405351869022090281138490469776546432632629781185263645787985978524661713761109112948453
abc@gmail.com
1622240301
6779985812963321650064830203029429203786439035438505198863005010202360034018962217842327465299777527441512759178095097108592621175576226483794480057619460050979856674854146446674218140313831466740983818380402299252882517060049697338438557081106545202455636968738494213730834818703741268906712842079158933969649576202120970732559815762032984997197436944190042017679958463599536811081494281996667320729838503093345451212833312898938060741271186174910958867784042733325176759790529684126746132863670514469411242206467122758849016271753911579882043312572519401174415784090897015667767878142809348009118505265182246712417
14820523926852985244815252513383463930663762072258714327935592201458598559792679744945805738019073660201119927408926228333104804587933659730609172701176601213826085939034401124698427741404533854127963320820196300537621599540493702000133003129237036757039794339674974493030954670622778734038040057838731880444673184772371484539037778056037871282107408457545989520814037126443205917820792366615203488368785497950699187669853008413136983784228645151235694619781239344454929879291317220612078647133614510178154926553701251876937332394176463023976379721356585752785014197496332002216679775116845583661051241407388081404901
abc
5353
5398260301197542833773050104130403708095636770380551783236516767898138880075735712216885598785376442593646310348943235925442928019038802305701042854819895691252717052225265781716821929677456452616038880258963274963487279101949097961710150552685941561229020874724209223957398471618353374216266230666431089060692278152836076731583146466006645793375241568700462865800193473841745153555022659193596029476382391681114587682432146708117079345930427345820069061203298996524749637810532903007011311295892486802622216266520674574323706638247167275104424810306304688776816966655773309725539299886619644224178703466897768736857
14803733295241007576427836684124001562211036696642978327697271648851812205453592862447227771669118902256039292673100994830377045945653027019681189755046568460694566793320618713898641285637000200232405802267536071147309121430703648252579116756417953471956428659015723348280714148859142219354340744240474190441789333775461686462452949352769030999364614831635978597842828800012284080302270312856172120316075834704763660092621268494471915513110538384201136896410595924469396540571574349702313467637639515153697836192471583262106005856443894681440498305240838392706503171761152489896450336860667701029380438498645609300543
123
4869
1751212662753936731336069755279002175241219639959787035004611075398071749366508765895330105569447285795703663634454257084063807581675378078498077938556953047053288842749945187337174165884606133873604013049748711159782510320870151309471453384405151951943992160011135054657477553127066718818159660097359974970919356731136083637933740070042329563883632337689691453852643109520424130524720930525215688314290686837702291701745999293672795048821986056910562307748943065596626114647475249015678826342739057195610425480751215871211263220206451960903429147448542721657887983271024055515745087178171132400857984088105093339149
12060331619446842920615733576313241288896037379015845931311812342451501198961147356639833499317735268089506560447182146735935896909727603768326932790429709174119467291866312754094343725165696274159233294963545225794881248588849740772017689573788804602567606544687717936530775397702528789145147644998650237812677907347362078290240264519345334359326659253203963537305438399034854561423233120193948447494807836727413303206888767001459967759107550517355217474822079198083288036733419892134458902466235889225628344324104339563965389911886453008159724322620931304368539479364319924394076146033351336882216299116023381719787
def
3679
10884857367351475461092416873389435013330658815662916232737460776540229959948163647383087283901012434958087161250594017888955451657124777991781778063758039916604663025914231995504092546452583475165586925156404587511685560303071086557121657059684025709169150084463711210415585190169471003585684465455054445995445065865727779214193874687325582864853290552870598935545390039850482766771042720800682396339671714227536483962399661226303678391599095439703373535428342094739537096775449540588441613521597020370545907241707386426710082745844912886434764487826982300471497750171975336994419734816716720243106719826473054938335
13138251395828765820655840445275502432428967776517017329475432479295113524491238208242250038540624917391995625407131034059536452311864192333256286580238132825849263540793457844967046088713600592235628050410240314125817315077099254410646514541528061215234023346700129115196501940496549810430358644491189405123996921661305364503554197347305039548318633900203153156985225534378620993135265478656103373396180719242428256105610493243061083628066661618477724106444693270354183178507908395293449589558472945000710782741853580416815380375521364176843297218373120040047435564559624698502908755551014224366802447640849005326023
qwe
112383
6113029755885396422619025454279873463391937726720969638957660417885047408862725816436170544659695916200404615392858905284819816834625487015988969429691773011402995001918830736838075062844333726194724806781131568944892088617319763227751647891125114617469194619150299329790504837171810536986070057471565889823171340999951074549603586863251054130637892753686895013458435426580867416259422246545114250438429670298608911099090506551552421780336421922160718688183057203988799921376074678851349882786008218404229285839262800092001368637505972197880655006079138832519169534120719387497324839192482293558572608424728648089887
27914372559248649228523584479636545424256476272483147004793740633991925681614713560137587026959107965964409080967683651725809819809260741429356318370527427830665262984057695936697955783496597340658313679268778558885612433264810326716688206287770255416482081137863885643811560079471763990821401457430701287879634665004289409136677225018391814765949340232483675338120265843094788494791175446787848157902051846036075717508893104933694211427920077168815569606364055698965679540342710557700226814161672049315564028423081681306370715626785917009145046199963102189897171889419422300132255873028582476007356022398290424565869
rty
37757
2457082939414718351572859739619442814346009429745866230555490409945002015387234338659396732121588964454004190365333063957276537046751643460083383849545992133324703636066583622141534741812210187411121632937004897041883736388539534385717530537706917658728223942543982337669453343646518072463826958016437208032027647296876058106340763326830786902489501442375973919435008619929725206789690165416354961610891130206567705476718732844558774966104098556237704932936250375784345037423705135146276137483441372606692434912662238587613449805554937126321419316097803960473260799660163163197988880401620979523687071993790768412453
25230372734153255588886718843843160821665019863724414268992018332415948081309710885168028940634983554770148549258602256142205659307642589644375394073241236056007842041600760897796553507371123210791873672777398394781181461741116997498378243272287215132064604677354675312315896082692842769109794521029812255552471057890119102164814717914608786901435082598167974846256473396332043536684279883369871849764089832551025966323283471893933241597292358424306575216429657852721241021662876748468078304131636892175562402537308495308270802381003411483766485356661735475942555206726743188336550645231259444952807260736185239038983
5184232312
997457285
9141410803784034224178859723721927221920257420887915507078462185229286200226489617390509734951645663122412543667674182837216558362719906057798057200575976606422100255905987389987496944670464514548185883318413850268078470625048532676859439433899110521094351224655190881620134732369372277469038341321711310507357309591797607431304259105374835808846975018067980214532557501729295282965087058269868460240963004323379153751898487257798095153960065660907537789561799508292770028416316672201890578854433771859939607141996232534858800884075775096369233755281695735303302048642472118672173340201799129320052829629077217719629
17852832760439969598181568497813621350498141024170990331029167990144670451989040007820773402111685766968856532954297554196088499962812126756463604244784037426279999797889172372500652829178552649844625814623115600414269918718610705511413642466920907156296547211316735691013804141011091408948243222339805995246321955325064052736557972250321235801859609395241919894356847679537966567353195247765458380159226105994774604185016330909428118314548582098144694007239191129530468492452049163428996210393305547399152866908252626162543134386132969552362143646012182447497384328336078971626527338727767065748355491341706503879409
5182536142
1608507437
13350032873979530421064564872767361324704878873892775322133607154544794568602301213602344921585594476670949066933238775683926079030907995392442650299942159015609549848144517018350112794764546637823307591166102460277858652199298146605767994339723431516106900943883305015164999449153073591841920493392496506125201536305740649706423873671192493063844636831232791253687938005145709294305602099387067497274968885591692911047081050762807030635904484281046597773423131324835704069076046731120684589447527239882064756521926586262252795437657059910884066110225813002545486983129028423778634715875638409907549431153914022859173
21842634843948161504762305045952568383819610525856470335845178725810904314224360782047829266719571111138080189407601847370495526523927316575695578499581740403112021454224587204607713839947160382710495480719883604240516465950789911800885518264975034623799769611494088770200792426857981968914349206502559293595331613631861029301425476721277906192218811434498903122665573891309932202206107794994070717737050047054556953970553889341711379324039487091829425595169848043467781915711410491102498227445002069812083224024064691985109738844327311513292862592815439185396666979008435307025078143647229052431877665897991504210589
1608507437
1916959817
9358036270777869585846123669832447620526971351340189636545042045490768360525776146687162852505724062542209495957505897095236236226675904916756629068034822827798704652129949858504436622713202172710273384702040320607837328460817156480430201760598407952898652917093603760151112116732191766005543067664023355330005832338178449671597646450238340995918394465931557817703112722681572323070615548670014821520672916925377077805056381511679392880091850954243234188097299773599554376843792548009228522460716479776498981934943447379362522427569375170847638105133424957252527428378522084592406763635930806730858397720304293705033
13381342486087848482490847679984531967436380018931300072917681023438295156375444278243332780250069813430619041867826851997543143452103206056685828915567771997182214847582129549869362972562967454856305250290035139561166113632594803417463944208405693885130838588819471527767153048056216028964401817576754582215212914284471360416665985573882436133319847974196853619259850528206242836174203570765644098013837269996481117769851618894869652030076355255886342821207283429859537868234338117436024223396546231312419186694325354643568980765287847186747563618824608766454994857053978577223417357313656967218539496955448375231123
ronaldo@gmail.com
91745137
1353697178411499461066485926795479915191371765841533565943555414594635621733026656337737312148121254405552631128347183692920225245330266979131035153505360545998229486983556452223742730298581704970108416524680631931419483697330064738654226228719291512666223253619155585162984461690933796064107227893481484068617036194145068837471839592893763448371357839241156071907859049054815456789312628917281599628680317637328465949831734557855188025077936938190273291450414154687984111946610037086449434024885580864716393258429259623914887357145737665918238664496178871888132174543676058876038082661337590544401644341576423061393
20116839862363750112326812240722043996375066431107395625240338562363294007469877497956267317121713072416865716221688641877245536333000839732308062295023775655564559613577310078170629144644034512289437529080645198867234204548789026281964462255611268847723142508916899777133801141085148878196277818578140490183403024588027947931465460444541200969168998585247524049720327291954904810974613317117452403131109244050337600709162543955218735102702444422268591877815014357220476966606670998593687469902620731093273024028685037700876918774068740461701477221194742897284150016342602259760729991260988486794998700258080215100949
marcelo@gmail.com
209348227
19798255279609580081783689815894446996431371212682857001729928290433834096677173558736335288776157350835713688125357063389894856201491954438866411496683083904104393420440602385252485367125951830191412589686422777618515713672261033233091646398099455935586303730364077977965553349917854657555856353535527467048217239825531240545587156842199841183914537281340877809502530768789114778478466395112531674053958405276577822840938020025174965736305824564039136223614270277963454053103432514418139195666831717978081168236748742327156482829136502908908281439248781660066183112972303456513256728037807924179463843197770600414379
20531041573943135907379903655012742746478936395499068452107830042687657980207324221186893433757603525851508934764204925002376197630749980139027861943833134823352238969092122557006204905052832670725965227352209827412938381086454045790150676378496281889386109907467696690978889506997442652109378816468532032239885557525241832225066941436836973036963666948338878394184147315267571473382754711837873922247044035120710917320474810356354216503208554361517316896802785867369429490216459228149840757173470403797087929276810913820665484311562304753586353476339661296245053678963837582418632202758026124212340524235326856194991
messi@gmail.com
14475973
5805549174118312710598653846836732147248755177500203976697689246474581635480473120765233183883009668082364022605372686664737909423173702726023303532525674112122992985721745929487368555956732920630619656446406587813134723109774420068984473120914490353644825141688983520819765241005566894769310366978285472145446348481885415025114584136939367311393013443660216325697007496780591613816238586041916744508831459328457258458975721616576963944252965848092324505303346462345414862751726434107663342748831837109906007832452473849370604507282082715080957628368111443122791371469589162945932798829979310877704165838164780570437
9676130078048183853114146147612084472858505072840492760909483372061935834726516160691355738457195895256674497142012911922584260039220812853668849140775156841400855659865788378222586761733427421662420623318795631907080210562721993864096316483343570562122412259944416992261126700586660890496971074877084069222841834134906004688024972443767995354883386107681366428391234746211540068550414281697791337751393144309105968636135594856953387698905425007109565432281134869825095179657593755828136459250266106898193439295628567031093653280503976825508273617163139115678483976443698181664997552471808634797236994667382922275871
5132536142
742195177
1601006245844675021731248524500289839502026922320114923247703400567505317715712945125539334510086774288286493749410982870998508586203445494133191176375344544845374863894470830203809679711836657079450012217298047172460425904994699315982709461331448859245667218725920029758367266828615542519858106819757078528976219590661005985888457971974488534841089932031621813090702375897812653624880789414144524210856373653501227201511450059839880883910333917298880327027579605785841095606841769702251238656300698823237324073911761948552523808331202995162149483690441289885845441637895657642816600044271068003303167855017927799513
14125743533704967320612580326629400833535615085792539504853609147373824907701973966589760605489168478727445369812380277026556779589523912855132065704534520441817978993626241020348314463208921784425257176375690785559218001151388471692429958605171946833906175752494928721317981390144272886723569749045796099767826679726949177937258770659461783752346330861898880021562798906222666823156368970192279437078597182445649419336349995827914967163894840862278486940799690096881084028705739655211942763324253019438227851353276489699172390336217900783377920499689265592032795050882612336646602619674999195691342378110700345084377
